2/12/2021-19:23 120 24 144
2/12/2021-19:24 120 24 144
2/12/2021-19:24 121 24 145
2/12/2021-19:24 122 24 145
2/12/2021-19:24 122 24 145
2/12/2021-19:25 123 23 146
2/12/2021-19:25 123 23 146
2/12/2021-19:25 124 23 147
2/12/2021-19:25 125 23 148
2/12/2021-19:26 125 23 148
2/12/2021-19:26 127 22 149
2/12/2021-19:26 128 22 150
2/12/2021-19:26 128 22 150
2/12/2021-19:27 129 22 151
2/12/2021-19:27 130 22 151
2/12/2021-19:28 132 21 153
2/12/2021-19:28 132 21 153
2/12/2021-19:29 132 21 153
2/12/2021-19:29 133 20 154
2/12/2021-19:29 134 20 154
2/12/2021-19:29 134 20 154
2/12/2021-19:30 134 20 154
2/12/2021-19:30 134 19 153
2/12/2021-19:30 134 19 153
2/12/2021-19:31 134 19 153
2/12/2021-19:31 135 19 154
2/12/2021-19:32 135 19 154
2/12/2021-19:32 137 18 156
2/12/2021-19:32 138 18 156
2/12/2021-19:32 138 18 156
2/12/2021-19:33 140 18 158
2/12/2021-19:33 141 18 159
2/12/2021-19:33 142 18 159
2/12/2021-19:34 142 18 159
2/12/2021-19:34 144 17 161
2/12/2021-19:34 144 17 161
2/12/2021-19:35 145 17 162
2/12/2021-19:35 145 17 162
2/12/2021-19:35 146 16 163
2/12/2021-19:36 147 16 163
2/12/2021-19:36 147 16 163
2/12/2021-19:36 148 16 164
2/12/2021-19:37 148 16 164
2/12/2021-19:37 149 16 164
2/12/2021-19:37 149 15 164
2/12/2021-19:38 149 15 164
2/12/2021-19:38 149 15 164
2/12/2021-19:38 151 15 166
2/12/2021-19:39 151 15 166
2/12/2021-19:39 153 15 167
2/12/2021-19:39 153 15 167
2/12/2021-19:40 154 14 168
2/12/2021-19:40 155 14 169
2/12/2021-19:40 156 14 170
2/12/2021-19:41 156 14 170
2/12/2021-19:41 156 14 170
2/12/2021-19:41 157 14 171
2/12/2021-19:41 157 14 171
2/12/2021-19:42 158 14 171
2/12/2021-19:42 158 14 172
2/12/2021-19:42 159 13 173
2/12/2021-19:43 160 13 173
2/12/2021-19:43 161 13 174
2/12/2021-19:43 161 13 174
2/12/2021-19:44 161 13 174
2/12/2021-19:44 162 13 174
2/12/2021-19:45 163 12 175
2/12/2021-19:45 163 12 176
2/12/2021-19:45 163 12 176
2/12/2021-19:45 164 12 176
2/12/2021-19:46 164 12 176
2/12/2021-19:46 164 12 176
2/12/2021-19:46 165 12 177
2/12/2021-19:46 165 12 177
2/12/2021-19:47 166 12 178
2/12/2021-19:47 168 12 180
2/12/2021-19:47 169 12 180
2/12/2021-19:48 169 12 180
2/12/2021-19:48 169 11 181
2/12/2021-19:48 170 11 181
2/12/2021-19:49 170 11 181
2/12/2021-19:49 171 11 182
2/12/2021-19:49 171 11 182
2/12/2021-19:50 171 11 182
2/12/2021-19:50 171 11 182
2/12/2021-19:50 171 11 182
2/12/2021-19:50 171 11 181
2/12/2021-19:51 171 11 181
2/12/2021-19:51 170 11 181
2/12/2021-19:51 170 11 181
2/12/2021-19:52 170 10 180
2/12/2021-19:52 169 10 179
2/12/2021-19:53 169 10 179
2/12/2021-19:53 169 10 179
2/12/2021-19:53 168 10 178
2/12/2021-19:53 168 10 178
2/12/2021-19:54 168 10 178
2/12/2021-19:54 168 10 178
2/12/2021-19:54 167 10 177
2/12/2021-19:55 167 10 177
2/12/2021-19:55 167 10 177
2/12/2021-19:55 167 10 177
2/12/2021-19:56 167 10 177
2/12/2021-19:56 167 10 177
2/12/2021-19:57 168 10 177
2/12/2021-19:57 168 10 178
2/12/2021-19:57 168 53 221
2/12/2021-19:58 168 55 222
2/12/2021-19:58 167 58 225
2/12/2021-19:58 168 35 203
2/12/2021-19:59 168 31 199
2/12/2021-19:59 168 31 198
2/12/2021-19:59 168 26 194
2/12/2021-20:0 168 24 192
2/12/2021-20:0 168 49 216
2/12/2021-20:0 168 50 218
2/12/2021-20:0 168 42 210
2/12/2021-20:1 168 37 205
2/12/2021-20:1 168 32 200
2/12/2021-20:2 168 32 200
2/12/2021-20:2 168 38 206
2/12/2021-20:2 168 54 221
2/12/2021-20:2 168 54 222
2/12/2021-20:3 168 47 215
2/12/2021-20:3 168 47 215
2/12/2021-20:3 168 35 203
2/12/2021-20:4 168 35 203
2/12/2021-20:4 168 31 198
2/12/2021-20:4 167 31 198
2/12/2021-20:5 166 47 213
2/12/2021-20:5 166 47 213
2/12/2021-20:5 165 49 214
2/12/2021-20:6 165 42 207
2/12/2021-20:6 165 39 203
2/12/2021-20:6 164 35 199
2/12/2021-20:6 164 32 197
2/12/2021-20:7 163 43 206
2/12/2021-20:7 163 55 218
2/12/2021-20:7 162 53 215
2/12/2021-20:7 162 46 208
2/12/2021-20:8 162 46 208
2/12/2021-20:8 160 29 189
2/12/2021-20:8 160 30 190
2/12/2021-20:9 160 56 216
2/12/2021-20:9 160 56 216
2/12/2021-20:9 160 49 209
2/12/2021-20:10 160 52 213
2/12/2021-20:10 160 50 210
2/12/2021-20:10 159 48 208
2/12/2021-20:11 159 56 216
2/12/2021-20:11 160 52 212
2/12/2021-20:11 160 52 212
2/12/2021-20:11 158 52 210
2/12/2021-20:12 158 52 210
2/12/2021-20:12 158 52 210
2/12/2021-20:12 158 52 210
2/12/2021-20:12 158 52 210
2/12/2021-20:13 159 52 211
2/12/2021-20:13 159 52 211
2/12/2021-20:13 159 49 208
2/12/2021-20:14 159 54 213
2/12/2021-20:14 159 54 213
2/12/2021-20:14 160 55 215
2/12/2021-20:14 160 54 215
2/12/2021-20:15 159 54 214
2/12/2021-20:15 159 54 214
2/12/2021-20:15 159 54 213
2/12/2021-20:16 159 54 213
2/12/2021-20:16 159 54 213
2/12/2021-20:16 159 54 213
2/12/2021-20:16 159 54 213
2/12/2021-20:17 159 54 214
2/12/2021-20:17 159 54 214
2/12/2021-20:17 160 54 214
2/12/2021-20:18 160 54 215
2/12/2021-20:18 160 54 215
2/12/2021-20:18 161 32 192
2/12/2021-20:18 161 32 193
2/12/2021-20:19 162 48 210
2/12/2021-20:19 162 51 213
2/12/2021-20:19 162 52 213
2/12/2021-20:19 162 55 217
2/12/2021-20:20 162 55 217
2/12/2021-20:20 163 55 217
2/12/2021-20:21 163 52 215
2/12/2021-20:21 163 52 215
2/12/2021-20:21 163 50 213
2/12/2021-20:22 163 49 212
2/12/2021-20:22 163 49 212
2/12/2021-20:22 163 46 209
2/12/2021-20:22 163 46 209
2/12/2021-20:23 164 44 208
2/12/2021-20:23 164 42 206
2/12/2021-20:23 164 41 205
2/12/2021-20:24 164 39 204
2/12/2021-20:24 164 39 203
2/12/2021-20:24 164 39 203
2/12/2021-20:25 165 37 202
2/12/2021-20:25 165 37 202
2/12/2021-20:25 165 36 201
2/12/2021-20:26 165 36 201
2/12/2021-20:26 165 36 201
2/12/2021-20:26 166 35 200
2/12/2021-20:26 166 35 200
2/12/2021-20:27 166 34 200
2/12/2021-20:27 166 34 199
2/12/2021-20:27 166 34 199
2/12/2021-20:27 166 33 199
2/12/2021-20:28 166 33 199
2/12/2021-20:28 166 32 198
2/12/2021-20:28 166 32 198
2/12/2021-20:28 166 32 198
2/12/2021-20:29 167 32 198
2/12/2021-20:29 167 31 198
2/12/2021-20:29 167 31 198
2/12/2021-20:30 167 31 198
2/12/2021-20:30 167 31 198
2/12/2021-20:30 167 31 198
2/12/2021-20:30 167 31 198
2/12/2021-20:31 167 30 198
2/12/2021-20:31 168 30 198
2/12/2021-20:31 168 30 198
2/12/2021-20:31 168 30 197
2/12/2021-20:32 168 30 197
2/12/2021-20:32 168 29 197
2/12/2021-20:32 168 29 197
2/12/2021-20:32 168 29 197
2/12/2021-20:33 168 29 197
2/12/2021-20:33 168 29 197
2/12/2021-20:33 168 29 197
2/12/2021-20:34 168 28 197
2/12/2021-20:34 168 28 197
2/12/2021-20:34 169 28 197
2/12/2021-20:35 169 28 197
2/12/2021-20:35 169 28 197
2/12/2021-20:35 169 28 197
2/12/2021-20:36 169 28 197
2/12/2021-20:36 169 27 197
2/12/2021-20:36 169 27 197
2/12/2021-20:36 169 27 197
2/12/2021-20:37 169 27 197
2/12/2021-20:37 169 27 197
2/12/2021-20:37 170 27 197
2/12/2021-20:38 170 27 197
2/12/2021-20:38 170 27 197
2/12/2021-20:39 170 26 197
2/12/2021-20:39 170 26 196
2/12/2021-20:39 170 26 196
2/12/2021-20:39 170 26 196
2/12/2021-20:40 170 26 197
2/12/2021-20:40 170 26 196
2/12/2021-20:40 170 26 196
2/12/2021-20:40 170 26 196
2/12/2021-20:41 170 26 196
2/12/2021-20:41 170 26 196
2/12/2021-20:41 170 26 196
2/12/2021-20:42 170 26 196
2/12/2021-20:42 170 26 196
2/12/2021-20:42 170 26 196
2/12/2021-20:42 170 26 196
2/12/2021-20:43 170 26 196
2/12/2021-20:43 170 26 196
2/12/2021-20:43 170 25 196
2/12/2021-20:44 170 25 196
2/12/2021-20:44 170 25 196
2/12/2021-20:44 170 25 196
2/12/2021-20:45 170 25 195
2/12/2021-20:45 170 25 195
2/12/2021-20:45 171 25 196
2/12/2021-20:46 171 25 195
2/12/2021-20:46 171 25 196
2/12/2021-20:46 171 25 195
2/12/2021-20:46 171 25 195
2/12/2021-20:47 171 25 195
2/12/2021-20:47 171 25 195
2/12/2021-20:47 171 25 195
2/12/2021-20:47 171 25 195
2/12/2021-20:48 171 24 195
2/12/2021-20:48 171 24 195
2/12/2021-20:48 171 24 195
2/12/2021-20:49 171 24 195
2/12/2021-20:49 171 24 195
2/12/2021-20:49 171 24 195
2/12/2021-20:50 171 24 195
2/12/2021-20:50 171 24 195
2/12/2021-20:50 171 24 195
2/12/2021-20:50 171 24 195
2/12/2021-20:51 171 24 195
2/12/2021-20:51 171 24 195
2/12/2021-20:51 171 24 195
2/12/2021-20:51 171 24 195
2/12/2021-20:52 171 24 195
2/12/2021-20:52 171 24 195
2/12/2021-20:52 171 24 195
2/12/2021-20:52 171 24 195
2/12/2021-20:53 171 24 194
2/12/2021-20:53 171 24 194
2/12/2021-20:53 171 24 194
2/12/2021-20:54 171 24 194
2/12/2021-20:54 171 23 194
2/12/2021-20:54 171 23 194
2/12/2021-20:55 171 23 194
2/12/2021-20:55 171 23 194
2/12/2021-20:55 171 23 194
2/12/2021-20:55 171 23 194
2/12/2021-20:56 171 23 194
2/12/2021-20:56 171 23 194
2/12/2021-20:56 171 23 194
2/12/2021-20:56 171 23 194
2/12/2021-20:57 170 23 193
2/12/2021-20:57 170 23 193
2/12/2021-20:58 170 23 193
2/12/2021-20:58 170 23 193
2/12/2021-20:58 170 23 193
2/12/2021-20:59 170 23 193
2/12/2021-20:59 170 23 193
2/12/2021-21:0 170 23 193
2/12/2021-21:0 170 23 193
2/12/2021-21:1 170 22 192
2/12/2021-21:1 170 22 192
2/12/2021-21:1 170 22 192
2/12/2021-21:2 170 22 192
2/12/2021-21:2 170 22 192
2/12/2021-21:2 170 22 192
2/12/2021-21:3 170 22 192
2/12/2021-21:4 170 22 192
2/12/2021-21:4 169 22 192
2/12/2021-21:4 169 22 192
2/12/2021-21:5 169 22 192
2/12/2021-21:5 169 22 191
2/12/2021-21:5 169 22 191
2/12/2021-21:6 169 22 191
2/12/2021-21:6 169 22 191
2/12/2021-21:7 169 22 191
2/12/2021-21:7 169 22 191
2/12/2021-21:7 169 22 191
2/12/2021-21:7 169 22 191
2/12/2021-21:8 169 22 191
2/12/2021-21:8 169 22 191
2/12/2021-21:8 169 22 191
2/12/2021-21:9 169 22 191
2/12/2021-21:9 169 22 190
2/12/2021-21:9 169 22 190
2/12/2021-21:9 169 22 190
2/12/2021-21:10 169 22 190
2/12/2021-21:10 168 22 190
2/12/2021-21:10 168 22 190
2/12/2021-21:11 168 22 190
2/12/2021-21:11 168 21 189
2/12/2021-21:11 168 21 189
2/12/2021-21:12 168 21 189
2/12/2021-21:12 168 21 189
2/12/2021-21:12 168 21 189
2/12/2021-21:12 168 21 189
2/12/2021-21:13 167 21 189
2/12/2021-21:13 167 21 189
2/12/2021-21:13 167 21 189
2/12/2021-21:13 167 21 188
2/12/2021-21:14 167 21 188
2/12/2021-21:14 167 21 188
2/12/2021-21:14 167 21 188
2/12/2021-21:15 167 21 188
2/12/2021-21:15 167 21 188
2/12/2021-21:15 167 21 188
2/12/2021-21:15 166 21 188
2/12/2021-21:16 166 21 187
2/12/2021-21:16 166 21 187
2/12/2021-21:16 166 21 187
2/12/2021-21:17 166 21 187
2/12/2021-21:17 166 21 187
2/12/2021-21:17 166 21 187
2/12/2021-21:18 166 21 187
2/12/2021-21:18 166 21 187
2/12/2021-21:18 166 21 186
2/12/2021-21:19 166 21 186
2/12/2021-21:19 166 21 186
2/12/2021-21:19 166 21 186
2/12/2021-21:19 165 21 186
2/12/2021-21:20 165 21 186
2/12/2021-21:20 165 21 186
2/12/2021-21:20 165 21 186
2/12/2021-21:21 165 20 185
2/12/2021-21:21 165 20 185
2/12/2021-21:21 165 20 185
2/12/2021-21:21 165 20 185
2/12/2021-21:22 165 20 185
2/12/2021-21:22 165 20 185
2/12/2021-21:22 165 20 184
2/12/2021-21:23 165 20 184
2/12/2021-21:23 165 19 184
2/12/2021-21:23 165 19 184
2/12/2021-21:24 165 19 184
2/12/2021-21:24 165 18 184
2/12/2021-21:25 166 18 184
2/12/2021-21:25 166 18 185
2/12/2021-21:26 167 18 185
2/12/2021-21:26 167 18 185
2/12/2021-21:26 167 18 186
2/12/2021-21:26 168 18 186
2/12/2021-21:27 168 18 186
2/12/2021-21:27 169 18 187
2/12/2021-21:28 169 18 187
2/12/2021-21:28 169 18 187
2/12/2021-21:28 169 18 187
2/12/2021-21:28 170 18 187
2/12/2021-21:29 170 18 187
2/12/2021-21:29 170 18 188
2/12/2021-21:29 170 18 188
2/12/2021-21:29 171 17 188
2/12/2021-21:30 171 17 188
2/12/2021-21:30 171 17 188
2/12/2021-21:31 171 17 188
2/12/2021-21:31 171 17 187
2/12/2021-21:31 171 17 187
2/12/2021-21:32 170 17 187
2/12/2021-21:32 170 16 187
2/12/2021-21:32 170 16 187
2/12/2021-21:33 170 16 187
2/12/2021-21:33 170 16 186
2/12/2021-21:33 169 16 186
2/12/2021-21:33 169 16 185
2/12/2021-21:34 168 16 184
2/12/2021-21:35 166 16 182
2/12/2021-21:35 166 16 181
2/12/2021-21:36 164 15 180
2/12/2021-21:36 164 15 180
2/12/2021-21:36 163 15 178
2/12/2021-21:36 163 15 178
2/12/2021-21:37 163 15 178
2/12/2021-21:37 162 15 176
2/12/2021-21:37 162 15 176
2/12/2021-21:37 161 15 176
2/12/2021-21:38 160 15 175
2/12/2021-21:38 160 15 174
2/12/2021-21:39 159 14 174
2/12/2021-21:39 159 14 174
2/12/2021-21:39 159 14 174
2/12/2021-21:40 159 14 173
2/12/2021-21:40 159 14 173
2/12/2021-21:40 159 14 173
2/12/2021-21:41 159 14 173
2/12/2021-21:41 159 14 173
2/12/2021-21:41 159 14 173
2/12/2021-21:41 159 14 173
2/12/2021-21:42 159 14 173
2/12/2021-21:42 159 14 173
2/12/2021-21:43 159 14 172
2/12/2021-21:43 159 14 172
2/12/2021-21:43 159 14 172
2/12/2021-21:44 159 14 173
2/12/2021-21:44 159 14 173
2/12/2021-21:44 159 14 173
2/12/2021-21:45 159 14 173
2/12/2021-21:45 159 14 173
2/12/2021-21:45 159 14 173
2/12/2021-21:46 159 14 173
2/12/2021-21:46 159 14 173
2/12/2021-21:46 159 14 173
2/12/2021-21:46 159 14 173
2/12/2021-21:47 159 14 173
2/12/2021-21:47 159 14 173
2/12/2021-21:47 159 14 173
2/12/2021-21:48 160 14 173
2/12/2021-21:48 160 14 173
2/12/2021-21:48 160 13 173
2/12/2021-21:48 160 13 173
2/12/2021-21:49 160 13 173
2/12/2021-21:49 160 13 173
2/12/2021-21:49 160 13 173
2/12/2021-21:49 160 13 173
2/12/2021-21:50 160 13 173
2/12/2021-21:50 160 13 173
2/12/2021-21:50 160 13 173
2/12/2021-21:51 160 13 174
2/12/2021-21:51 160 13 174
2/12/2021-21:52 160 13 174
2/12/2021-21:52 160 13 174
2/12/2021-21:52 161 13 174
2/12/2021-21:52 161 13 174
2/12/2021-21:53 161 13 174
2/12/2021-21:53 161 13 174
2/12/2021-21:53 161 13 174
2/12/2021-21:54 161 13 174
2/12/2021-21:54 161 13 174
2/12/2021-21:54 161 13 174
2/12/2021-21:54 161 13 174
2/12/2021-21:55 161 13 174
2/12/2021-21:55 162 13 175
2/12/2021-21:55 162 13 175
2/12/2021-21:56 162 13 175
2/12/2021-21:56 162 13 175
2/12/2021-21:56 162 13 175
2/12/2021-21:56 162 13 174
2/12/2021-21:57 162 13 175
2/12/2021-21:57 162 13 174
2/12/2021-21:57 162 13 174
2/12/2021-21:58 162 13 174
2/12/2021-21:58 162 13 174
2/12/2021-21:58 161 13 174
2/12/2021-21:58 161 13 174
2/12/2021-21:59 160 56 216
2/12/2021-21:59 160 24 184
2/12/2021-22:0 160 24 184
2/12/2021-22:0 160 21 181
2/12/2021-22:1 160 20 181
2/12/2021-22:1 159 58 217
2/12/2021-22:1 159 58 217
2/12/2021-22:1 159 35 194
2/12/2021-22:2 159 31 190
2/12/2021-22:2 159 28 187
2/12/2021-22:3 158 33 191
2/12/2021-22:3 158 51 208
2/12/2021-22:3 157 45 202
2/12/2021-22:4 158 44 202
2/12/2021-22:4 158 34 191
2/12/2021-22:4 158 32 190
2/12/2021-22:5 158 32 190
2/12/2021-22:5 157 54 211
2/12/2021-22:5 157 54 211
2/12/2021-22:5 157 56 213
2/12/2021-22:6 157 52 208
2/12/2021-22:6 157 52 209
2/12/2021-22:6 157 37 194
2/12/2021-22:6 157 37 194
2/12/2021-22:7 157 58 214
2/12/2021-22:7 157 58 215
2/12/2021-22:7 157 49 206
2/12/2021-22:8 157 49 206
2/12/2021-22:8 157 41 198
2/12/2021-22:9 158 38 196
2/12/2021-22:9 158 58 216
2/12/2021-22:9 158 58 216
2/12/2021-22:9 158 57 215
2/12/2021-22:10 158 53 211
2/12/2021-22:10 159 45 204
2/12/2021-22:10 159 45 204
2/12/2021-22:11 159 40 199
2/12/2021-22:11 159 38 198
2/12/2021-22:11 159 38 198
2/12/2021-22:11 160 36 196
2/12/2021-22:12 160 36 196
2/12/2021-22:12 160 33 193
2/12/2021-22:12 161 32 193
2/12/2021-22:13 161 32 193
2/12/2021-22:13 161 31 192
2/12/2021-22:13 161 31 192
2/12/2021-22:13 162 30 192
2/12/2021-22:14 162 30 192
2/12/2021-22:14 162 29 191
2/12/2021-22:14 162 29 191
2/12/2021-22:15 162 27 189
2/12/2021-22:15 162 27 189
2/12/2021-22:15 162 27 189
2/12/2021-22:15 162 26 187
2/12/2021-22:16 162 26 187
2/12/2021-22:16 162 25 186
2/12/2021-22:16 161 24 186
2/12/2021-22:17 161 24 186
2/12/2021-22:17 160 24 184
2/12/2021-22:17 160 24 184
2/12/2021-22:17 160 21 181
2/12/2021-22:18 160 20 180
2/12/2021-22:18 162 14 175
2/12/2021-22:19 163 13 176
2/12/2021-22:19 163 14 177
2/12/2021-22:19 165 13 178
2/12/2021-22:20 165 13 178
2/12/2021-22:20 166 12 178
2/12/2021-22:20 167 12 179
2/12/2021-22:21 167 12 179
2/12/2021-22:21 168 12 180
2/12/2021-22:21 169 12 181
2/12/2021-22:22 169 12 181
2/12/2021-22:22 170 13 183
2/12/2021-22:22 170 13 183
2/12/2021-22:23 170 12 182
2/12/2021-22:23 170 12 183
2/12/2021-22:23 170 12 183
2/12/2021-22:23 170 12 182
2/12/2021-22:24 171 12 182
2/12/2021-22:24 171 12 182
2/12/2021-22:25 171 12 182
2/12/2021-22:25 171 12 183
2/12/2021-22:25 171 11 182
2/12/2021-22:26 171 12 183
2/12/2021-22:26 171 12 183
2/12/2021-22:26 171 11 181
2/12/2021-22:26 171 11 181
2/12/2021-22:27 170 11 181
2/12/2021-22:27 170 11 181
2/12/2021-22:28 169 11 180
2/12/2021-22:28 169 11 180
2/12/2021-22:29 169 11 180
2/12/2021-22:29 169 11 180
2/12/2021-22:29 169 11 180
2/12/2021-22:30 168 11 179
2/12/2021-22:30 168 11 179
2/12/2021-22:30 167 11 178
2/12/2021-22:30 167 11 178
2/12/2021-22:31 167 11 178
2/12/2021-22:31 166 10 177
2/12/2021-22:31 166 10 177
2/12/2021-22:31 166 10 176
2/12/2021-22:32 166 10 176
2/12/2021-22:32 165 11 176
2/12/2021-22:32 165 11 176
2/12/2021-22:33 165 11 176
2/12/2021-22:33 164 11 175
2/12/2021-22:33 164 11 175
2/12/2021-22:33 164 11 175
2/12/2021-22:34 164 11 175
2/12/2021-22:34 164 10 174
2/12/2021-22:34 164 11 174
2/12/2021-22:35 163 11 174
2/12/2021-22:35 163 11 174
2/12/2021-22:35 163 11 174
2/12/2021-22:36 163 11 174
2/12/2021-22:36 163 11 174
2/12/2021-22:36 163 11 174
2/12/2021-22:37 163 11 174
2/12/2021-22:37 162 11 173
2/12/2021-22:37 162 11 173
2/12/2021-22:38 162 10 172
2/12/2021-22:38 162 10 172
2/12/2021-22:38 162 11 172
2/12/2021-22:39 161 10 172
2/12/2021-22:39 161 10 172
2/12/2021-22:39 161 11 172
2/12/2021-22:40 161 10 171
2/12/2021-22:40 161 11 171
2/12/2021-22:40 161 11 171
2/12/2021-22:40 160 11 171
2/12/2021-22:41 160 11 171
2/12/2021-22:41 160 11 171
2/12/2021-22:41 160 11 171
2/12/2021-22:42 160 11 170
2/12/2021-22:42 159 11 170
2/12/2021-22:42 159 11 170
2/12/2021-22:42 159 11 170
2/12/2021-22:43 159 11 170
2/12/2021-22:43 159 10 169
2/12/2021-22:43 159 11 170
2/12/2021-22:43 159 11 170
2/12/2021-22:44 158 11 169
2/12/2021-22:44 158 10 169
2/12/2021-22:45 158 10 169
2/12/2021-22:45 158 11 168
2/12/2021-22:45 158 11 168
2/12/2021-22:46 157 11 168
2/12/2021-22:46 157 11 168
2/12/2021-22:46 157 11 168
2/12/2021-22:46 157 11 168
2/12/2021-22:47 157 11 168
2/12/2021-22:47 157 11 167
2/12/2021-22:47 157 11 167
2/12/2021-22:47 157 11 167
2/12/2021-22:48 156 11 167
2/12/2021-22:48 156 11 167
2/12/2021-22:48 156 11 166
2/12/2021-22:49 156 11 166
2/12/2021-22:49 156 11 166
2/12/2021-22:49 156 11 166
2/12/2021-22:50 156 11 166
2/12/2021-22:50 155 11 166
2/12/2021-22:50 155 11 166
2/12/2021-22:51 155 11 166
2/12/2021-22:51 154 11 165
2/12/2021-22:52 154 11 165
2/12/2021-22:52 154 11 164
2/12/2021-22:52 154 11 164
2/12/2021-22:52 153 11 164
2/12/2021-22:53 153 11 164
2/12/2021-22:53 153 11 164
2/12/2021-22:53 153 11 164
2/12/2021-22:54 153 11 164
2/12/2021-22:54 152 11 163
2/12/2021-22:54 152 11 163
2/12/2021-22:54 152 11 163
2/12/2021-22:55 152 11 163
2/12/2021-22:55 152 11 163
2/12/2021-22:55 151 11 163
2/12/2021-22:55 151 11 162
2/12/2021-22:56 151 11 162
2/12/2021-22:56 151 11 162
2/12/2021-22:56 151 11 162
2/12/2021-22:56 150 11 161
2/12/2021-22:57 150 11 162
2/12/2021-22:57 150 11 162
2/12/2021-22:57 150 11 161
2/12/2021-22:58 150 11 161
2/12/2021-22:58 149 11 160
2/12/2021-22:58 149 11 160
2/12/2021-22:59 149 11 160
2/12/2021-22:59 149 11 160
2/12/2021-22:59 149 11 160
2/12/2021-22:59 149 11 160
2/12/2021-23:0 149 11 160
2/12/2021-23:0 149 11 160
2/12/2021-23:0 149 11 160
2/12/2021-23:1 149 11 160
2/12/2021-23:1 149 11 160
2/12/2021-23:1 149 11 160
2/12/2021-23:2 149 11 160
2/12/2021-23:2 149 11 160
2/12/2021-23:2 149 11 160
2/12/2021-23:3 148 11 160
2/12/2021-23:3 148 12 160
2/12/2021-23:3 148 12 160
2/12/2021-23:3 148 12 160
2/12/2021-23:4 148 12 160
2/12/2021-23:4 148 12 160
2/12/2021-23:4 148 12 160
2/12/2021-23:5 148 12 160
2/12/2021-23:5 148 12 160
2/12/2021-23:5 148 12 160
2/12/2021-23:6 148 12 159
2/12/2021-23:6 148 12 160
2/12/2021-23:6 148 11 159
2/12/2021-23:6 148 12 159
2/12/2021-23:7 148 12 159
2/12/2021-23:7 147 12 159
2/12/2021-23:7 147 12 159
2/12/2021-23:7 147 12 159
2/12/2021-23:8 147 12 159
2/12/2021-23:8 146 12 158
2/12/2021-23:8 146 12 158
2/12/2021-23:9 146 12 158
2/12/2021-23:9 146 12 158
2/12/2021-23:10 146 12 158
2/12/2021-23:10 146 12 157
2/12/2021-23:10 146 12 157
2/12/2021-23:11 146 12 157
2/12/2021-23:11 145 12 157
2/12/2021-23:11 145 12 157
2/12/2021-23:11 145 12 157
2/12/2021-23:12 145 12 156
2/12/2021-23:12 145 12 156
2/12/2021-23:12 144 12 156
2/12/2021-23:13 144 12 156
2/12/2021-23:13 144 12 156
2/12/2021-23:13 144 12 156
2/12/2021-23:14 144 12 156
2/12/2021-23:14 144 12 156
2/12/2021-23:14 144 12 155
2/12/2021-23:14 144 12 155
2/12/2021-23:15 143 12 155
2/12/2021-23:15 143 12 155
2/12/2021-23:15 143 12 155
2/12/2021-23:15 143 12 155
2/12/2021-23:16 143 12 155
2/12/2021-23:16 143 12 155
2/12/2021-23:16 143 12 155
2/12/2021-23:16 142 12 154
2/12/2021-23:17 142 12 154
2/12/2021-23:17 142 12 154
2/12/2021-23:17 142 12 154
2/12/2021-23:18 142 12 154
2/12/2021-23:18 142 12 154
2/12/2021-23:19 141 12 153
2/12/2021-23:19 141 12 153
2/12/2021-23:20 141 12 153
2/12/2021-23:20 141 12 153
2/12/2021-23:20 141 12 153
2/12/2021-23:21 140 12 153
2/12/2021-23:21 140 12 153
2/12/2021-23:21 140 12 153
2/12/2021-23:21 140 12 152
2/12/2021-23:22 140 12 152
2/12/2021-23:22 140 12 152
2/12/2021-23:22 140 12 152
2/12/2021-23:23 140 12 152
2/12/2021-23:23 139 12 152
2/12/2021-23:23 139 12 151
2/12/2021-23:24 139 12 151
2/12/2021-23:24 139 12 151
2/12/2021-23:24 138 12 151
2/12/2021-23:25 138 12 150
2/12/2021-23:25 138 12 150
2/12/2021-23:25 137 12 150
2/12/2021-23:26 137 12 150
2/12/2021-23:26 137 12 150
2/12/2021-23:26 137 12 149
2/12/2021-23:27 137 12 149
2/12/2021-23:27 136 12 149
2/12/2021-23:27 136 12 149
2/12/2021-23:28 136 13 149
2/12/2021-23:28 136 13 149
2/12/2021-23:28 136 13 148
2/12/2021-23:28 136 13 148
2/12/2021-23:29 135 13 148
2/12/2021-23:29 135 13 148
2/12/2021-23:29 135 13 148
2/12/2021-23:30 135 13 147
2/12/2021-23:30 135 13 147
2/12/2021-23:30 134 13 147
2/12/2021-23:31 134 13 147
2/12/2021-23:31 134 13 147
2/12/2021-23:32 134 13 147
2/12/2021-23:32 134 13 147
2/12/2021-23:32 134 13 147
2/12/2021-23:32 134 13 147
2/12/2021-23:33 134 13 147
2/12/2021-23:33 134 13 147
2/12/2021-23:33 134 13 147
2/12/2021-23:33 134 13 147
2/12/2021-23:34 134 13 147
2/12/2021-23:34 134 13 147
2/12/2021-23:34 134 13 147
2/12/2021-23:35 134 13 147
2/12/2021-23:35 134 13 147
2/12/2021-23:35 134 13 147
2/12/2021-23:35 134 13 147
2/12/2021-23:36 134 13 147
2/12/2021-23:36 134 13 147
2/12/2021-23:36 134 13 147
2/12/2021-23:37 134 13 147
2/12/2021-23:37 134 13 147
2/12/2021-23:37 134 13 147
2/12/2021-23:38 134 13 147
2/12/2021-23:38 134 13 147
2/12/2021-23:39 134 13 147
2/12/2021-23:39 134 13 147
2/12/2021-23:40 134 13 147
2/12/2021-23:40 134 13 147
2/12/2021-23:40 134 13 147
2/12/2021-23:41 134 13 147
2/12/2021-23:41 134 13 147
2/12/2021-23:41 134 13 147
2/12/2021-23:41 134 13 147
2/12/2021-23:42 134 13 147
2/12/2021-23:42 134 13 147
2/12/2021-23:42 134 13 147
2/12/2021-23:43 134 13 147
2/12/2021-23:43 134 13 147
2/12/2021-23:43 134 13 147
2/12/2021-23:43 134 13 147
2/12/2021-23:44 133 13 147
2/12/2021-23:44 133 13 147
2/12/2021-23:44 133 13 147
2/12/2021-23:45 133 13 147
2/12/2021-23:45 133 13 146
2/12/2021-23:45 133 14 146
2/12/2021-23:45 133 14 146
2/12/2021-23:46 133 14 146
2/12/2021-23:46 133 14 146
2/12/2021-23:46 133 14 146
2/12/2021-23:47 133 14 146
2/12/2021-23:47 132 14 146
2/12/2021-23:48 132 14 146
2/12/2021-23:48 132 14 146
2/12/2021-23:48 132 14 146
2/12/2021-23:49 132 14 146
2/12/2021-23:49 132 14 146
2/12/2021-23:49 132 14 146
2/12/2021-23:49 132 14 145
2/12/2021-23:50 132 14 145
2/12/2021-23:50 132 14 145
2/12/2021-23:50 132 14 145
2/12/2021-23:51 132 14 145
2/12/2021-23:51 131 14 145
2/12/2021-23:51 131 14 145
2/12/2021-23:52 131 14 145
2/12/2021-23:52 131 14 145
2/12/2021-23:52 131 14 145
2/12/2021-23:53 131 14 145
2/12/2021-23:53 131 14 145
2/12/2021-23:53 131 14 145
2/12/2021-23:53 131 14 145
2/12/2021-23:54 131 14 145
2/12/2021-23:54 131 14 145
2/12/2021-23:54 131 14 144
2/12/2021-23:55 131 14 144
2/12/2021-23:55 130 14 144
2/12/2021-23:55 130 14 144
2/12/2021-23:55 130 14 144
2/12/2021-23:56 130 14 144
2/12/2021-23:56 130 14 144
2/12/2021-23:57 130 14 144
2/12/2021-23:57 130 14 144
2/12/2021-23:57 130 14 144
2/12/2021-23:57 130 14 144
2/12/2021-23:58 130 14 144
2/12/2021-23:58 130 14 144
2/12/2021-23:58 129 14 143
2/12/2021-23:59 129 14 143
2/12/2021-23:59 129 14 143
2/12/2021-23:59 129 14 143
